46.0
51.0
44.0
65.66666666666667
67.33333333333333
58.666666666666664
63.333333333333336
66.66666666666667
39.666666666666664
63.333333333333336
56.333333333333336
57.0
59.333333333333336
69.0
54.333333333333336
65.33333333333333
78.66666666666667
46.666666666666664
70.0
80.33333333333333
56.0
53.333333333333336
59.0
85.66666666666667
46.333333333333336
55.666666666666664
56.333333333333336
37.333333333333336
44.333333333333336
53.333333333333336
72.0
57.0
83.0
52.666666666666664
62.666666666666664
84.0
65.0
56.333333333333336
84.33333333333333
78.0
71.0
80.33333333333333
73.0
53.0
61.333333333333336
71.0
45.333333333333336
73.33333333333333
73.66666666666667
79.0
43.666666666666664
96.0
66.66666666666667
57.0
54.0
36.0
56.0
63.666666666666664
44.666666666666664
63.666666666666664
62.71666666666667 57.81666666666667 64.83333333333333